---
maxVel: 50.0
maxAccel: 50.0
maxAngVel: 3.490658503988659
maxAngAccel: 3.490658503988659
robotLength: 17.0
robotWidth: 17.0
driveType: "MECANUM"
trackWidth: 18.0
lateralMultiplier: 1.0
